00603
01675
01774
00027
01731
00829
00560
00119
01746
00114
01715
01681
01753
01687
01760
01751
01735
00153
01759
01749
01761
00662
00047
00129
01727
01734
01728
00163
00681
01770
01679
00335
01676
00091
01721
01696
01698
00307
00015
01722
00135
00287
00671
01695
01693
01729
00013
01747
01763
00821
01677
00182
01702
00521
00712
00997
01710
01711
01744
00161
00474
01701
00460
01762
01755
01692
00825
00079
01732
01683
00438
01712
01748
01700
01742
00082
00125
01776
00323
01717
00372
00467
01767
01772
00264
00822
01766
01669
00463
00037
01714
00145
01674
01691
01724
01685
00080
01719
00174
01006
00833
01689
01736
01758
01684
01707
01667
01771
01739
01704
01723
00503
01699
00337
01673
01688
00749
01716
00256
01680
00595
00492
01790
00181
01750
01670
01697
00769
01752
01708
01720
00447
01705
00462
01737
01682
01743
01713
00200
00355
00141
00573
00644
01718
01765
01733
00647
00489
01709
01768
00535
01726
01730
01738
01668
01764
00450
01706
00719
01725
00458
01678
00779
01703
00762
00381
00190
01741
00422
01686
00213
01756
00252
01757
00592
01694
00428
01745
00333
01671
01769
00721
01775
00702
00001
00384
00208
00585
00229
00434
00553
01789
01672
00699
01690
01754
00826
01740
01773
